63
BROWN
5
250,520
550,520
550,560
250,560
250,520
BROWN
5
300,480
500,480
500,520
300,520
300,480
YELLOW
5
360,360
440,360
410,480
390,480
360,360
YELLOW
9
260,170
160,170
160,290
340,290
340,260
190,260
190,200
270,200
260,170
YELLOW
9
540,170
640,170
640,290
460,290
460,260
610,260
610,200
530,200
540,170
YELLOW
5
320,330
480,330
480,360
320,360
320,330
YELLOW
5
250,150
550,150
480,330
320,330
250,150
YELLOW
5
230,120
570,120
570,150
230,150
230,120
RED
29
349,184
363,184
363,201
369,201
369,184
383,184
383,201
395,201
395,216
383,216
383,224
395,224
395,239
383,239
383,256
369,256
369,239
363,239
363,256
349,256
349,239
337,239
337,224
349,224
349,216
337,216
337,201
349,201
349,184
RED
5
363,216
369,216
369,224
363,224
363,216
RED
8
449,184
434,184
413,198
413,213
434,198
434,256
449,256
449,184
GREEN
9
410,490
390,490
390,510
410,510
410,505
395,505
395,495
410,495
410,490
GREEN
7
293,530
309,530
309,543
297,543
297,550
293,550
293,530
GREEN
5
297,534
305,534
305,539
297,539
297,534
GREEN
10
315,530
331,530
331,543
323,543
331,550
326,550
319,543
319,550
315,550
315,530
GREEN
5
319,534
327,534
327,539
319,539
319,534
GREEN
5
337,530
353,530
353,550
337,550
337,530
GREEN
5
341,534
349,534
349,546
341,546
341,534
GREEN
13
359,530
375,530
375,534
363,534
363,546
371,546
371,544
367,544
367,540
375,540
375,550
359,550
359,530
GREEN
10
381,530
397,530
397,543
389,543
397,550
392,550
385,543
385,550
381,550
381,530
GREEN
5
385,534
393,534
393,539
385,539
385,534
GREEN
9
403,530
419,530
419,550
415,550
415,534
407,534
407,550
403,550
403,530
GREEN
5
407,538
415,538
415,542
407,542
407,538
GREEN
13
425,550
425,530
431,530
433,538
435,530
441,530
441,550
437,550
437,536
433,544
429,536
429,550
425,550
GREEN
13
447,550
447,530
453,530
455,538
457,530
463,530
463,550
459,550
459,536
455,544
451,536
451,550
447,550
GREEN
13
469,530
485,530
485,534
473,534
473,538
483,538
483,542
473,542
473,546
485,546
485,550
469,550
469,530
GREEN
10
491,530
507,530
507,543
499,543
507,550
502,550
495,543
495,550
491,550
491,530
GREEN
5
495,534
503,534
503,539
495,539
495,534
RED
5
418,89
409,92
406,83
415,80
418,89
RED
4
506,-83
491,-76
493,-92
506,-83
YELLOW
4
302,19
305,4
317,14
302,19
YELLOW
4
305,3
288,3
296,-12
305,3
GREEN
5
377,66
369,63
372,55
380,58
377,66
YELLOW
4
523,25
516,9
534,11
523,25
RED
5
312,80
310,68
323,66
324,79
312,80
YELLOW
4
468,-59
480,-74
487,-57
468,-59
GREEN
5
312,-18
304,-21
307,-29
315,-26
312,-18
BLUE
4
495,-32
479,-33
487,-46
495,-32
RED
4
306,49
315,34
323,49
306,49
GREEN
5
384,92
375,98
369,89
378,83
384,92
GREEN
5
312,17
305,20
302,12
310,9
312,17
BLUE
5
464,18
472,11
479,18
472,26
464,18
BLUE
4
410,75
391,75
400,58
410,75
YELLOW
4
480,36
477,23
489,27
480,36
GREEN
4
426,-119
410,-116
416,-132
426,-119
GREEN
5
466,46
457,39
464,30
473,36
466,46
BLUE
4
589,54
572,47
587,35
589,54
RED
4
248,2
240,-11
256,-12
248,2
RED
5
601,19
592,19
591,9
601,9
601,19
BLUE
4
280,62
272,43
292,46
280,62
YELLOW
4
285,42
292,33
297,44
285,42
GREEN
4
618,37
605,25
622,20
618,37
RED
4
384,-20
373,-17
375,-28
384,-20
RED
4
414,45
415,36
422,42
414,45
YELLOW
5
259,-54
251,-54
251,-61
259,-62
259,-54
YELLOW
5
361,82
354,76
360,68
367,74
361,82
RED
5
366,90
356,85
361,76
371,81
366,90
RED
4
500,-99
502,-108
509,-102
500,-99
YELLOW
5
362,65
354,67
352,58
360,57
362,65
RED
5
253,-63
258,-78
272,-73
267,-58
253,-63
BLUE
4
162,15
177,2
182,21
162,15
BLUE
4
287,31
300,17
306,35
287,31
GREEN
5
317,-108
318,-124
335,-122
333,-106
317,-108

